9 1 7 1 6
6 6 1 5 0
1 0 9 5 0
3 8 0 3 1
0 3 5 9 1
0 2 1 8 7
2 8 1 4 1
8 8 6 7 3
2 9 3 3 4
9 6 3 7 1
1 2 0 4 1
2 2 2 7 5
3 5 5 5 0
4 1 8 4 6
1 6 9 9 5
8 4 3 7 3
8 0 0 6 6
3 9 3 0 1
6 9 4 9 8
1 2 0 6 1
3 9 4 7 9
8 2 3 3 9
9 1 1 5 5
4 9 3 3 0
9 4 5 7 6
2 7 4 5 4
9 4 0 6 3
0 9 2 6 2
8 9 8 7 1
7 0 6 8 0
6 3 5 5 7
1 5 1 1 0
4 7 0 1 9
6 7 9 0 9
5 9 6 4 1
8 7 0 0 5
4 7 8 2 4
8 6 4 4 2
1 6 5 2 9
5 8 7 0 3
9 8 3 9 0
3 2 7 9 1
7 9 9 1 2
0 4 5 4 4
1 9 3 1 8
9 7 0 4 1
7 3 7 6 5
8 4 0 3 6
3 8 9 6 7
6 3 9 2 8
