3 4 0 7 7
5 6 6 9 3
2 8 3 2 8
8 7 5 9 8
6 7 0 9 8
2 8 5 8 1
7 6 2 6 4
4 6 5 3 6
9 7 4 7 4
3 0 3 2 0
1 0 6 3 3
3 2 4 0 6
5 6 5 7 0
5 6 9 9 9
3 5 7 4 2
8 1 8 0 7
3 5 6 9 5
1 9 5 3 3
8 7 5 3 2
6 3 3 6 6
3 0 0 8 0
2 6 6 2 2
1 1 6 4 9
9 9 0 6 1
0 9 2 5 3
8 6 2 4 7
9 6 6 0 3
8 1 2 6 9
1 3 4 3 7
4 4 4 8 1
8 8 6 0 3
5 0 0 3 0
3 1 7 8 2
6 9 3 3 3
0 6 1 8 5
2 3 7 5 5
4 7 6 2 0
8 1 7 1 4
1 1 1 5 8
3 0 7 7 0
6 1 9 4 5
6 8 4 1 2
1 9 4 9 7
7 2 7 7 3
3 3 2 9 5
5 0 5 7 9
0 9 2 7 4
1 7 3 2 6
8 9 4 4 9
1 3 4 1 2
